0 4301 27
1 4302 26
2 4303 23
3 4304 29
4 4305 30
5 4306 24
6 4307 28
7 4308 21
8 4309 30
9 4310 27
10 4311 20
11 4312 29
12 4313 28
13 4314 24
14 4315 22
15 4316 24
16 4317 21
17 4318 21
18 4319 20
19 4320 20
20 4321 27
21 4322 29
22 4323 22
23 4324 26
24 4325 20
25 4326 29
26 4327 28
27 4328 30
28 4329 22
29 4330 29
30 4331 26
31 4332 30
32 4333 28
33 4334 24
34 4335 26
35 4336 22
36 4337 21
37 4338 29
38 4339 22
39 4340 28
40 4341 26
41 4342 30
42 4343 30
43 4344 22
44 4345 28
45 4346 21
46 4347 29
47 4348 22
48 4349 20
49 4350 24
