0 0 1
0 3 2
0 4 1
0 5 1
0 9 2
0 12 2
0 14 1
1 0 1
1 1 1
1 3 1
1 5 2
1 6 1
1 8 1
1 9 1
1 11 1
1 12 1
1 14 1
2 1 1
2 2 2
2 3 2
2 4 1
2 5 1
2 7 2
2 9 1
2 11 2
2 14 2
3 0 2
3 1 1
3 2 1
3 3 1
3 7 1
3 8 2
3 10 2
3 12 1
3 14 2
4 2 2
4 3 1
4 4 1
4 5 2
4 8 2
4 9 2
4 11 2
4 12 1
4 13 2
4 14 2
5 1 2
5 3 1
5 8 1
5 9 1
5 10 2
5 11 1
5 12 2
5 13 2
5 14 1
6 1 1
6 3 1
6 4 1
6 5 1
6 6 1
6 8 1
6 12 1
6 13 2
6 14 2
7 0 1
7 1 1
7 2 2
7 4 1
7 7 2
7 9 2
7 10 1
7 11 1
7 13 2
7 14 1
8 0 1
8 1 1
8 3 1
8 4 2
8 5 1
8 7 1
8 8 1
8 10 1
8 12 2
8 14 1
9 0 2
9 1 1
9 6 2
9 7 1
9 8 1
9 12 1
10 0 1
10 1 2
10 3 2
10 4 1
10 5 2
10 6 2
10 8 1
10 9 2
10 10 2
10 11 1
10 13 2
10 14 2
11 0 2
11 1 1
11 2 1
11 4 2
11 5 2
11 7 2
11 9 1
11 11 2
11 13 1
12 0 1
12 4 1
12 6 1
12 7 2
12 8 2
12 9 2
12 10 1
12 13 2
12 14 1
13 0 2
13 1 1
13 2 2
13 3 2
13 4 2
13 5 2
13 6 2
13 7 2
13 9 1
13 10 1
13 11 2
13 12 1
13 13 2
14 0 1
14 1 1
14 2 2
14 5 2
14 8 1
14 9 1
14 10 1
14 11 1
14 12 2
14 13 2
15 1 1
15 2 2
15 3 2
15 6 2
15 9 2
15 10 1
16 0 1
16 4 2
16 5 2
16 7 2
16 10 2
16 11 1
16 13 2
16 14 2
17 2 1
17 3 1
17 4 1
17 5 1
17 7 2
17 8 1
17 9 2
17 10 2
17 11 1
17 13 1
18 0 2
18 1 1
18 3 2
18 4 1
18 5 1
18 6 1
18 8 2
18 9 1
18 11 2
18 12 2
18 14 2
19 0 2
19 2 2
19 5 1
19 6 2
19 8 2
19 9 2
19 10 1
19 11 1
19 12 2
19 14 2
20 2 1
20 6 2
20 7 1
20 10 1
20 11 1
20 14 2
21 0 1
21 1 2
21 3 1
21 6 2
21 10 1
21 11 1
21 12 2
21 13 2
21 14 2
22 1 2
22 2 1
22 5 1
22 7 1
22 9 2
22 11 1
22 12 1
22 14 2
23 0 2
23 1 2
23 2 1
23 3 1
23 4 2
23 5 2
23 9 2
23 10 2
23 11 2
23 13 2
24 1 2
24 2 2
24 3 1
24 7 2
24 9 1
24 10 2
24 11 1
24 14 2
25 1 2
25 2 2
25 5 2
25 6 1
25 7 1
25 8 2
25 9 1
25 10 2
25 11 1
25 12 2
25 14 2
26 0 1
26 3 1
26 4 2
26 5 1
26 6 1
26 7 1
26 8 2
26 11 2
26 12 2
26 13 2
26 14 1
27 0 2
27 2 2
27 4 1
27 5 1
27 7 1
27 8 1
27 9 1
27 10 2
28 1 2
28 2 1
28 3 1
28 4 1
28 6 2
28 7 2
28 9 1
28 10 2
28 14 1
29 0 2
29 3 2
29 4 1
29 6 2
29 7 2
29 10 1
29 12 1
29 13 2
30 0 2
30 1 2
30 4 2
30 5 1
30 6 1
30 7 2
30 8 2
30 11 2
30 13 1
30 14 2
31 2 2
31 4 2
31 5 2
31 6 2
31 7 2
31 8 1
31 9 2
31 10 1
31 13 2
31 14 2
32 0 2
32 3 2
32 4 1
32 5 1
32 6 1
32 7 1
32 8 1
32 10 2
32 11 1
32 12 2
32 13 1
33 0 2
33 3 1
33 4 2
33 5 1
33 6 2
33 7 2
33 8 1
33 10 2
33 12 1
34 3 2
34 4 1
34 6 2
34 9 1
34 11 2
34 12 1
34 14 1
35 0 2
35 1 2
35 2 1
35 9 2
35 11 1
35 14 2
36 0 1
36 4 1
36 8 1
36 11 2
36 12 1
36 13 2
37 2 1
37 3 2
37 5 2
37 6 2
37 8 2
37 9 2
37 13 2
37 14 2
38 1 1
38 2 1
38 4 2
38 5 2
38 6 1
38 9 2
38 11 2
38 13 1
39 0 1
39 2 1
39 3 2
39 4 2
39 6 2
39 12 1
39 13 2
40 1 2
40 2 2
40 4 2
40 6 1
40 7 2
40 8 2
40 10 2
40 11 2
40 12 2
40 14 1
41 0 1
41 1 1
41 2 1
41 4 2
41 5 2
41 6 2
41 8 1
41 9 2
41 11 2
41 12 1
42 0 2
42 1 1
42 2 1
42 3 2
42 7 2
42 8 2
42 9 2
42 10 2
42 11 2
42 12 2
42 13 2
42 14 2
43 0 2
43 2 2
43 3 2
43 4 2
43 5 1
43 6 2
43 7 2
43 8 1
43 9 1
43 10 1
43 11 2
43 12 2
43 14 1
44 1 1
44 3 1
44 5 2
44 6 2
44 7 2
44 8 1
44 9 1
44 10 1
44 12 1
45 0 1
45 4 1
45 5 2
45 6 2
45 7 2
45 8 1
45 10 2
46 0 2
46 1 2
46 2 1
46 4 1
46 6 2
46 7 2
46 8 2
46 9 2
46 10 2
46 12 2
46 13 2
46 14 2
47 2 1
47 3 1
47 4 2
47 7 2
47 8 1
47 10 2
47 13 2
47 14 1
48 0 2
48 2 1
48 3 2
48 4 1
48 7 1
48 8 2
48 10 1
48 13 1
48 14 2
49 1 2
49 4 2
49 9 2
49 10 2
49 11 2
49 12 2
49 14 1
