0 БМ-51-17 60 0
1 БМ-25-29 60 1
2 Г-22-28 30 2
3 Г-25-19 60 0
4 Г-15-07 30 1
5 Г-31-11 100 2
6 Г-24-09 100 0
7 Г-42-29 60 1
8 БМ-13-25 100 2
9 Г-43-27 30 0
10 Г-54-18 30 1
11 БМ-55-27 100 2
12 Г-14-27 30 0
13 Г-55-14 60 1
14 Г-52-06 60 2
15 БМ-34-02 30 0
16 БМ-15-20 100 1
17 Г-23-22 60 2
18 Г-11-28 30 0
19 БМ-41-13 60 1
20 Г-52-02 30 2
21 Г-12-22 60 0
22 БМ-22-30 100 1
23 Г-51-16 100 2
24 Г-41-24 30 0
25 БМ-44-09 100 1
26 БМ-33-14 30 2
27 Г-23-15 100 0
28 Г-31-26 60 1
29 Г-31-12 100 2
30 Г-41-11 100 0
31 БМ-35-15 30 1
32 БМ-52-06 30 2
33 Г-12-15 30 0
34 Г-31-18 60 1
35 БМ-21-09 30 2
36 БМ-25-05 100 0
37 БМ-34-12 30 1
38 Г-52-25 60 2
39 БМ-42-03 30 0
40 Г-21-12 60 1
41 БМ-25-22 100 2
42 БМ-13-11 30 0
43 Г-51-14 100 1
44 Г-53-15 30 2
45 БМ-34-15 60 0
46 Г-35-21 30 1
47 Г-42-16 60 2
48 Г-55-08 100 0
49 Г-45-08 30 1
50 БМ-43-21 30 2
51 БМ-14-19 100 0
52 Г-23-23 100 1
53 БМ-42-09 60 2
54 БМ-35-16 30 0
55 БМ-55-07 100 1
56 БМ-42-28 100 2
57 БМ-12-12 60 0
58 Г-43-22 30 1
59 Г-35-08 30 2
60 БМ-44-07 100 0
61 Г-52-20 30 1
62 Г-12-17 60 2
63 Г-21-20 100 0
64 Г-13-13 60 1
65 Г-35-27 60 2
66 БМ-24-10 60 0
67 Г-34-13 30 1
68 Г-44-07 30 2
69 БМ-44-06 30 0
70 БМ-51-19 100 1
71 БМ-51-08 100 2
72 БМ-23-22 30 0
73 Г-55-04 30 1
74 Г-11-16 60 2
75 БМ-24-09 100 0
76 Г-55-08 60 1
77 БМ-33-16 100 2
78 Г-45-03 100 0
79 Г-12-26 100 1
80 Г-23-13 60 2
81 БМ-24-02 100 0
82 Г-53-29 60 1
83 Г-45-12 100 2
84 Г-31-11 30 0
85 Г-15-03 100 1
86 Г-22-03 30 2
87 БМ-14-07 60 0
88 БМ-53-14 100 1
89 БМ-31-04 100 2
90 БМ-35-22 60 0
91 Г-53-02 60 1
92 БМ-43-17 100 2
93 БМ-51-20 30 0
94 Г-34-14 100 1
95 Г-51-06 60 2
96 БМ-41-12 100 0
97 Г-53-07 30 1
98 БМ-31-13 60 2
99 Г-14-16 60 0
