0 Иванов_0 0 -1
1 Петров_1 1 -1
2 Смирнов_2 2 -1
3 Кузнецов_3 3 -1
4 Попов_4 4 -1
5 Соколов_5 5 4
6 Лебедев_6 6 3
7 Козлов_7 7 3
8 Новиков_8 8 -1
9 Морозов_9 9 -1
10 Волков_10 10 4
11 Алексеев_11 11 -1
12 Степанов_12 12 2
13 Николаев_13 13 -1
14 Орлов_14 14 -1
15 Павлов_15 0 0
16 Макаров_16 1 -1
17 Захаров_17 2 -1
18 Зайцев_18 3 -1
19 Борисов_19 4 -1
20 Иванов_20 5 -1
21 Петров_21 6 -1
22 Смирнов_22 7 -1
23 Кузнецов_23 8 -1
24 Попов_24 9 -1
25 Соколов_25 10 -1
26 Лебедев_26 11 -1
27 Козлов_27 12 -1
28 Новиков_28 13 -1
29 Морозов_29 14 -1
30 Волков_30 0 1
31 Алексеев_31 1 -1
32 Степанов_32 2 -1
33 Николаев_33 3 -1
34 Орлов_34 4 -1
35 Павлов_35 5 -1
36 Макаров_36 6 -1
37 Захаров_37 7 -1
38 Зайцев_38 8 -1
39 Борисов_39 9 -1
40 Иванов_40 10 -1
41 Петров_41 11 4
42 Смирнов_42 12 -1
43 Кузнецов_43 13 -1
44 Попов_44 14 -1
45 Соколов_45 0 -1
46 Лебедев_46 1 -1
47 Козлов_47 2 -1
48 Новиков_48 3 -1
49 Морозов_49 4 0
50 Волков_50 5 -1
51 Алексеев_51 6 -1
52 Степанов_52 7 -1
53 Николаев_53 8 0
54 Орлов_54 9 -1
55 Павлов_55 10 0
56 Макаров_56 11 -1
57 Захаров_57 12 -1
58 Зайцев_58 13 4
59 Борисов_59 14 -1
60 Иванов_60 0 -1
61 Петров_61 1 -1
62 Смирнов_62 2 -1
63 Кузнецов_63 3 -1
64 Попов_64 4 -1
65 Соколов_65 5 -1
66 Лебедев_66 6 -1
67 Козлов_67 7 -1
68 Новиков_68 8 -1
69 Морозов_69 9 -1
70 Волков_70 10 -1
71 Алексеев_71 11 -1
72 Степанов_72 12 -1
73 Николаев_73 13 -1
74 Орлов_74 14 3
75 Павлов_75 0 -1
76 Макаров_76 1 4
77 Захаров_77 2 0
78 Зайцев_78 3 1
79 Борисов_79 4 -1
